    double angle[] = 
    {
25.98072865,
25.85714148,
25.73182362,
25.60478348,
25.47602955,
25.34557045,
25.21341491,
25.07957179,
24.94405002,
24.8068587 ,
24.66800699 ,
24.5275042  ,
24.38535973 ,
24.24158308 ,
24.09618389 ,
23.94917189 ,
23.80055692 ,
23.65034892 ,
23.49855794 ,
23.34519416 ,
23.19026782 ,
23.03378931 ,
22.8757691  ,
22.71621775 ,
22.55514596 ,
22.3925645  ,
22.22848425 ,
22.0629162  ,
21.89587143 ,
21.72736111 ,
21.55739653 ,
21.38598907 ,
21.21315019 ,
21.03889147 ,
20.86322457 ,
20.68616124 ,
20.50771334 ,
20.32789281 ,
20.14671169 ,
19.96418211 ,
19.78031627 ,
19.59512649 ,
19.40862517 ,
19.22082478 ,
19.0317379  ,
18.84137718 ,
18.64975536 ,
18.45688527 ,
18.26277982 ,
18.067452   ,
17.87091488 ,
17.67318162 ,
17.47426545 ,
17.27417969 ,
17.07293773 ,
16.87055304 ,
16.66703917 ,
16.46240973 ,
16.25667842 ,
16.04985902 ,
15.84196536 ,
15.63301137 ,
15.42301102 ,
15.21197837 ,
14.99992755 ,
14.78687275 ,
14.57282823 ,
14.35780831 ,
14.1418274  ,
13.92489994 ,
13.70704046 ,
13.48826353 ,
13.2685838  ,
13.04801597 ,
12.82657481 ,
12.60427514 ,
12.38113183 ,
12.15715983 ,
11.93237412 ,
11.70678975 ,
11.48042181 ,
11.25328547 ,
11.02539592 ,
10.79676841 ,
10.56741825 ,
10.33736078 ,
10.10661142 ,
9.875185591 ,
9.643098797 ,
9.410366568 ,
9.177004482 ,
8.943028157 ,
8.708453255 ,
8.473295476 ,
8.237570559 ,
8.001294283 ,
7.764482462 ,
7.527150947 ,
7.289315621 ,
7.050992405 ,
6.81219725  ,
6.572946139 ,
6.333255085 ,
6.093140132 ,
5.852617351 ,
5.611702841 ,
5.370412726 ,
5.128763158 ,
4.886770309 ,
4.644450378 ,
4.401819583 ,
4.158894164 ,
3.91569038  ,
3.672224511 ,
3.428512851 ,
3.184571712 ,
2.940417423 ,
2.696066325 ,
2.451534773 ,
2.206839134 ,
1.961995787 ,
1.717021118 ,
1.471931525 ,
1.226743413 ,
0.981473191 ,
0.736137278 ,
0.490752093 ,
0.245334061 ,
-0.000100392,
-0.245534838,
-0.49095285 ,
-0.736338002,
-0.981673868,
-1.226944029,
-1.472132068,
-1.717221573,
-1.962196141,
-2.207039375,
-2.451734886,
-2.696266297,
-2.940617241,
-3.184771362,
-3.42871232 ,
-3.672423785,
-3.915889447,
-4.15909301 ,
-4.402018194,
-4.644648742,
-4.886968412,
-5.128960986,
-5.370610268,
-5.611900081,
-5.852814278,
-6.093336732 ,
-6.333451345  ,
-6.573142045  ,
-6.81239279   ,
-7.051187565  ,
-7.289510389  ,
-7.527345308  ,
-7.764676406  ,
-8.001487795  ,
-8.237763626  ,
-8.473488085  ,
-8.708645394  ,
-8.943219812  ,
-9.177195641  ,
-9.410557219  ,
-9.643288926  ,
-9.875375186  ,
-10.10680046  ,
-10.33754927  ,
-10.56760616  ,
-10.79695574  ,
-11.02558265  ,
-11.25347159  ,
-11.48060732  ,
-11.70697461  ,
-11.93255834  ,
-12.15734339  ,
-12.38131472  ,
-12.60445734  ,
-12.82675632  ,
-13.04819677  ,
-13.26876388  ,
-13.48844287  ,
-13.70721906  ,
-13.92507779  ,
-14.14200448  ,
-14.35798461  ,
-14.57300373  ,
-14.78704745  ,
-15.00010143  ,
-15.21215143  ,
-15.42318324  ,
-15.63318273  ,
-15.84213587   ,
-16.05002865   ,
-16.25684717   ,
-16.46257758   ,
-16.66720611   ,
-16.87071907   ,
-17.07310283   ,
-17.27434385   ,
-17.47442866   ,
-17.67334386   ,
-17.87107615   ,
-18.06761228   ,
-18.26293911   ,
-18.45704356   ,
-18.64991263   ,
-18.84153342   ,
-19.0318931    ,
-19.22097894   ,
-19.40877827   ,
-19.59527853   ,
-19.78046723   ,
-19.96433198   ,
-20.14686047   ,
-20.32804048   ,
-20.50785989   ,
-20.68630666   ,
-20.86336885   ,
-21.03903461   ,
-21.21329217   ,
-21.38612988   ,
-21.55753617   ,
-21.72749956   ,
-21.89600868   ,
-22.06305225   ,
-22.22861909   ,
-22.39269811   ,
-22.55527834   ,
-22.7163489    ,
-22.875899     ,
-23.03391795   ,
-23.1903952    ,
-23.34532026   ,
-23.49868276   ,
-23.65047245   ,
-23.80067915   ,
-23.94929282   ,
-24.0963035    ,
-24.24170137   ,
-24.38547668   ,
-24.52761981   ,
-24.66812126   ,
-24.80697161   ,
-24.94416157   ,
-25.07968197   ,
-25.21352372   ,
-25.34567787   ,
-25.47613558   ,
-25.60488811   ,
-25.73192685   ,
-25.85724329   ,
-25.98082904   
    };         
